leyendo archivo ply './plys/beethoven.ply'
  numero de vértices == 2521
  número de caras == 5030
  leyendo 2521 vértices ....
  fin de la lista de vértices
  leyendo 5030 caras ....
  fin de la lista de caras.
archivo ply leido.
leyendo archivo ply './plys/big_dodge.ply'
  numero de vértices == 8477
  número de caras == 16646
  leyendo 8477 vértices ....
  fin de la lista de vértices
  leyendo 16646 caras ....
  fin de la lista de caras.
archivo ply leido.
leyendo archivo ply './plys/perfil.ply'
  numero de vértices == 11
  elemento 'face' ignorado.
  leyendo 11 vértices ....
  fin de la lista de vértices
archivo ply leido (únicamente vértices)
1
-1.4
0
1
-1.1
0
0.5
-0.7
0
0.4
-0.4
0
0.4
0.5
0
0.5
0.6
0
0.3
0.6
0
0.5
0.8
0
0.55
1
0
0.5
1.2
0
0.3
1.4
0
0.997987
-1.4
0.0634239
0.997987
-1.1
0.0634239
0.498993
-0.7
0.031712
0.399195
-0.4
0.0253696
0.399195
0.5
0.0253696
0.498993
0.6
0.031712
0.299396
0.6
0.0190272
0.498993
0.8
0.031712
0.548893
1
0.0348832
0.498993
1.2
0.031712
0.299396
1.4
0.0190272
0.991955
-1.4
0.126592
0.991955
-1.1
0.126592
0.495977
-0.7
0.0632962
0.396782
-0.4
0.050637
0.396782
0.5
0.050637
0.495977
0.6
0.0632962
0.297586
0.6
0.0379777
0.495977
0.8
0.0632962
0.545575
1
0.0696259
0.495977
1.2
0.0632962
0.297586
1.4
0.0379777
0.981929
-1.4
0.189251
0.981929
-1.1
0.189251
0.490964
-0.7
0.0946256
0.392771
-0.4
0.0757005
0.392771
0.5
0.0757005
0.490964
0.6
0.0946256
0.294579
0.6
0.0567754
0.490964
0.8
0.0946256
0.540061
1
0.104088
0.490964
1.2
0.0946256
0.294579
1.4
0.0567754
0.967949
-1.4
0.251148
0.967949
-1.1
0.251148
0.483974
-0.7
0.125574
0.387179
-0.4
0.100459
0.387179
0.5
0.100459
0.483974
0.6
0.125574
0.290385
0.6
0.0753444
0.483974
0.8
0.125574
0.532372
1
0.138131
0.483974
1.2
0.125574
0.290385
1.4
0.0753444
0.950071
-1.4
0.312033
0.950071
-1.1
0.312033
0.475036
-0.7
0.156017
0.380028
-0.4
0.124813
0.380028
0.5
0.124813
0.475036
0.6
0.156017
0.285021
0.6
0.09361
0.475036
0.8
0.156017
0.522539
1
0.171618
0.475036
1.2
0.156017
0.285021
1.4
0.09361
0.928368
-1.4
0.371662
0.928368
-1.1
0.371662
0.464184
-0.7
0.185831
0.371347
-0.4
0.148665
0.371347
0.5
0.148665
0.464184
0.6
0.185831
0.27851
0.6
0.111499
0.464184
0.8
0.185831
0.510602
1
0.204414
0.464184
1.2
0.185831
0.27851
1.4
0.111499
0.902927
-1.4
0.429795
0.902927
-1.1
0.429795
0.451463
-0.7
0.214897
0.361171
-0.4
0.171918
0.361171
0.5
0.171918
0.451463
0.6
0.214897
0.270878
0.6
0.128938
0.451463
0.8
0.214897
0.49661
1
0.236387
0.451463
1.2
0.214897
0.270878
1.4
0.128938
0.873849
-1.4
0.486197
0.873849
-1.1
0.486197
0.436925
-0.7
0.243098
0.34954
-0.4
0.194479
0.34954
0.5
0.194479
0.436925
0.6
0.243098
0.262155
0.6
0.145859
0.436925
0.8
0.243098
0.480617
1
0.267408
0.436925
1.2
0.243098
0.262155
1.4
0.145859
0.841254
-1.4
0.540641
0.841254
-1.1
0.540641
0.420627
-0.7
0.27032
0.336501
-0.4
0.216256
0.336501
0.5
0.216256
0.420627
0.6
0.27032
0.252376
0.6
0.162192
0.420627
0.8
0.27032
0.462689
1
0.297352
0.420627
1.2
0.27032
0.252376
1.4
0.162192
0.80527
-1.4
0.592908
0.80527
-1.1
0.592908
0.402635
-0.7
0.296454
0.322108
-0.4
0.237163
0.322108
0.5
0.237163
0.402635
0.6
0.296454
0.241581
0.6
0.177872
0.402635
0.8
0.296454
0.442899
1
0.326099
0.402635
1.2
0.296454
0.241581
1.4
0.177872
0.766044
-1.4
0.642788
0.766044
-1.1
0.642788
0.383022
-0.7
0.321394
0.306418
-0.4
0.257115
0.306418
0.5
0.257115
0.383022
0.6
0.321394
0.229813
0.6
0.192836
0.383022
0.8
0.321394
0.421324
1
0.353533
0.383022
1.2
0.321394
0.229813
1.4
0.192836
0.723734
-1.4
0.690079
0.723734
-1.1
0.690079
0.361867
-0.7
0.34504
0.289494
-0.4
0.276032
0.289494
0.5
0.276032
0.361867
0.6
0.34504
0.21712
0.6
0.207024
0.361867
0.8
0.34504
0.398054
1
0.379543
0.361867
1.2
0.34504
0.21712
1.4
0.207024
0.678509
-1.4
0.734592
0.678509
-1.1
0.734592
0.339255
-0.7
0.367296
0.271404
-0.4
0.293837
0.271404
0.5
0.293837
0.339255
0.6
0.367296
0.203553
0.6
0.220378
0.339255
0.8
0.367296
0.37318
1
0.404025
0.339255
1.2
0.367296
0.203553
1.4
0.220378
0.630553
-1.4
0.776146
0.630553
-1.1
0.776146
0.315276
-0.7
0.388073
0.252221
-0.4
0.310459
0.252221
0.5
0.310459
0.315276
0.6
0.388073
0.189166
0.6
0.232844
0.315276
0.8
0.388073
0.346804
1
0.426881
0.315276
1.2
0.388073
0.189166
1.4
0.232844
0.580057
-1.4
0.814576
0.580057
-1.1
0.814576
0.290028
-0.7
0.407288
0.232023
-0.4
0.32583
0.232023
0.5
0.32583
0.290028
0.6
0.407288
0.174017
0.6
0.244373
0.290028
0.8
0.407288
0.319031
1
0.448017
0.290028
1.2
0.407288
0.174017
1.4
0.244373
0.527225
-1.4
0.849725
0.527225
-1.1
0.849725
0.263613
-0.7
0.424863
0.21089
-0.4
0.33989
0.21089
0.5
0.33989
0.263613
0.6
0.424863
0.158168
0.6
0.254918
0.263613
0.8
0.424863
0.289974
1
0.467349
0.263613
1.2
0.424863
0.158168
1.4
0.254918
0.472271
-1.4
0.881453
0.472271
-1.1
0.881453
0.236136
-0.7
0.440727
0.188908
-0.4
0.352581
0.188908
0.5
0.352581
0.236136
0.6
0.440727
0.141681
0.6
0.264436
0.236136
0.8
0.440727
0.259749
1
0.484799
0.236136
1.2
0.440727
0.141681
1.4
0.264436
0.415415
-1.4
0.909632
0.415415
-1.1
0.909632
0.207708
-0.7
0.454816
0.166166
-0.4
0.363853
0.166166
0.5
0.363853
0.207708
0.6
0.454816
0.124625
0.6
0.27289
0.207708
0.8
0.454816
0.228478
1
0.500298
0.207708
1.2
0.454816
0.124625
1.4
0.27289
0.356886
-1.4
0.934148
0.356886
-1.1
0.934148
0.178443
-0.7
0.467074
0.142754
-0.4
0.373659
0.142754
0.5
0.373659
0.178443
0.6
0.467074
0.107066
0.6
0.280244
0.178443
0.8
0.467074
0.196287
1
0.513781
0.178443
1.2
0.467074
0.107066
1.4
0.280244
0.29692
-1.4
0.954902
0.29692
-1.1
0.954902
0.14846
-0.7
0.477451
0.118768
-0.4
0.381961
0.118768
0.5
0.381961
0.14846
0.6
0.477451
0.0890761
0.6
0.286471
0.14846
0.8
0.477451
0.163306
1
0.525196
0.14846
1.2
0.477451
0.0890761
1.4
0.286471
0.235759
-1.4
0.971812
0.235759
-1.1
0.971812
0.117879
-0.7
0.485906
0.0943036
-0.4
0.388725
0.0943036
0.5
0.388725
0.117879
0.6
0.485906
0.0707277
0.6
0.291543
0.117879
0.8
0.485906
0.129667
1
0.534496
0.117879
1.2
0.485906
0.0707277
1.4
0.291543
0.173648
-1.4
0.984808
0.173648
-1.1
0.984808
0.0868241
-0.7
0.492404
0.0694593
-0.4
0.393923
0.0694593
0.5
0.393923
0.0868241
0.6
0.492404
0.0520945
0.6
0.295442
0.0868241
0.8
0.492404
0.0955065
1
0.541644
0.0868241
1.2
0.492404
0.0520945
1.4
0.295442
0.110838
-1.4
0.993838
0.110838
-1.1
0.993838
0.0554191
-0.7
0.496919
0.0443353
-0.4
0.397535
0.0443353
0.5
0.397535
0.0554191
0.6
0.496919
0.0332515
0.6
0.298152
0.0554191
0.8
0.496919
0.060961
1
0.546611
0.0554191
1.2
0.496919
0.0332515
1.4
0.298152
0.0475819
-1.4
0.998867
0.0475819
-1.1
0.998867
0.0237909
-0.7
0.499434
0.0190328
-0.4
0.399547
0.0190328
0.5
0.399547
0.0237909
0.6
0.499434
0.0142746
0.6
0.29966
0.0237909
0.8
0.499434
0.02617
1
0.549377
0.0237909
1.2
0.499434
0.0142746
1.4
0.29966
-0.015866
-1.4
0.999874
-0.015866
-1.1
0.999874
-0.00793301
-0.7
0.499937
-0.00634641
-0.4
0.39995
-0.00634641
0.5
0.39995
-0.00793301
0.6
0.499937
-0.0047598
0.6
0.299962
-0.00793301
0.8
0.499937
-0.00872631
1
0.549931
-0.00793301
1.2
0.499937
-0.0047598
1.4
0.299962
-0.0792499
-1.4
0.996855
-0.0792499
-1.1
0.996855
-0.039625
-0.7
0.498427
-0.0317
-0.4
0.398742
-0.0317
0.5
0.398742
-0.039625
0.6
0.498427
-0.023775
0.6
0.299056
-0.039625
0.8
0.498427
-0.0435875
1
0.54827
-0.039625
1.2
0.498427
-0.023775
1.4
0.299056
-0.142315
-1.4
0.989821
-0.142315
-1.1
0.989821
-0.0711574
-0.7
0.494911
-0.0569259
-0.4
0.395929
-0.0569259
0.5
0.395929
-0.0711574
0.6
0.494911
-0.0426945
0.6
0.296946
-0.0711574
0.8
0.494911
-0.0782732
1
0.544402
-0.0711574
1.2
0.494911
-0.0426945
1.4
0.296946
-0.204807
-1.4
0.978802
-0.204807
-1.1
0.978802
-0.102403
-0.7
0.489401
-0.0819227
-0.4
0.391521
-0.0819227
0.5
0.391521
-0.102403
0.6
0.489401
-0.061442
0.6
0.293641
-0.102403
0.8
0.489401
-0.112644
1
0.538341
-0.102403
1.2
0.489401
-0.061442
1.4
0.293641
-0.266474
-1.4
0.963842
-0.266474
-1.1
0.963842
-0.133237
-0.7
0.481921
-0.10659
-0.4
0.385537
-0.10659
0.5
0.385537
-0.133237
0.6
0.481921
-0.0799422
0.6
0.289153
-0.133237
0.8
0.481921
-0.146561
1
0.530113
-0.133237
1.2
0.481921
-0.0799422
1.4
0.289153
-0.327068
-1.4
0.945001
-0.327068
-1.1
0.945001
-0.163534
-0.7
0.4725
-0.130827
-0.4
0.378
-0.130827
0.5
0.378
-0.163534
0.6
0.4725
-0.0981204
0.6
0.2835
-0.163534
0.8
0.4725
-0.179887
1
0.51975
-0.163534
1.2
0.4725
-0.0981204
1.4
0.2835
-0.386345
-1.4
0.922354
-0.386345
-1.1
0.922354
-0.193173
-0.7
0.461177
-0.154538
-0.4
0.368942
-0.154538
0.5
0.368942
-0.193173
0.6
0.461177
-0.115904
0.6
0.276706
-0.193173
0.8
0.461177
-0.21249
1
0.507295
-0.193173
1.2
0.461177
-0.115904
1.4
0.276706
-0.444067
-1.4
0.895994
-0.444067
-1.1
0.895994
-0.222033
-0.7
0.447997
-0.177627
-0.4
0.358398
-0.177627
0.5
0.358398
-0.222033
0.6
0.447997
-0.13322
0.6
0.268798
-0.222033
0.8
0.447997
-0.244237
1
0.492797
-0.222033
1.2
0.447997
-0.13322
1.4
0.268798
-0.5
-1.4
0.866025
-0.5
-1.1
0.866025
-0.25
-0.7
0.433013
-0.2
-0.4
0.34641
-0.2
0.5
0.34641
-0.25
0.6
0.433013
-0.15
0.6
0.259808
-0.25
0.8
0.433013
-0.275
1
0.476314
-0.25
1.2
0.433013
-0.15
1.4
0.259808
-0.55392
-1.4
0.83257
-0.55392
-1.1
0.83257
-0.27696
-0.7
0.416285
-0.221568
-0.4
0.333028
-0.221568
0.5
0.333028
-0.27696
0.6
0.416285
-0.166176
0.6
0.249771
-0.27696
0.8
0.416285
-0.304656
1
0.457913
-0.27696
1.2
0.416285
-0.166176
1.4
0.249771
-0.60561
-1.4
0.795762
-0.60561
-1.1
0.795762
-0.302805
-0.7
0.397881
-0.242244
-0.4
0.318305
-0.242244
0.5
0.318305
-0.302805
0.6
0.397881
-0.181683
0.6
0.238729
-0.302805
0.8
0.397881
-0.333085
1
0.437669
-0.302805
1.2
0.397881
-0.181683
1.4
0.238729
-0.654861
-1.4
0.75575
-0.654861
-1.1
0.75575
-0.32743
-0.7
0.377875
-0.261944
-0.4
0.3023
-0.261944
0.5
0.3023
-0.32743
0.6
0.377875
-0.196458
0.6
0.226725
-0.32743
0.8
0.377875
-0.360173
1
0.415662
-0.32743
1.2
0.377875
-0.196458
1.4
0.226725
-0.701475
-1.4
0.712694
-0.701475
-1.1
0.712694
-0.350737
-0.7
0.356347
-0.28059
-0.4
0.285078
-0.28059
0.5
0.285078
-0.350737
0.6
0.356347
-0.210442
0.6
0.213808
-0.350737
0.8
0.356347
-0.385811
1
0.391982
-0.350737
1.2
0.356347
-0.210442
1.4
0.213808
-0.745264
-1.4
0.666769
-0.745264
-1.1
0.666769
-0.372632
-0.7
0.333385
-0.298106
-0.4
0.266708
-0.298106
0.5
0.266708
-0.372632
0.6
0.333385
-0.223579
0.6
0.200031
-0.372632
0.8
0.333385
-0.409895
1
0.366723
-0.372632
1.2
0.333385
-0.223579
1.4
0.200031
-0.786053
-1.4
0.618159
-0.786053
-1.1
0.618159
-0.393027
-0.7
0.309079
-0.314421
-0.4
0.247264
-0.314421
0.5
0.247264
-0.393027
0.6
0.309079
-0.235816
0.6
0.185448
-0.393027
0.8
0.309079
-0.432329
1
0.339987
-0.393027
1.2
0.309079
-0.235816
1.4
0.185448
-0.823677
-1.4
0.56706
-0.823677
-1.1
0.56706
-0.411838
-0.7
0.28353
-0.329471
-0.4
0.226824
-0.329471
0.5
0.226824
-0.411838
0.6
0.28353
-0.247103
0.6
0.170118
-0.411838
0.8
0.28353
-0.453022
1
0.311883
-0.411838
1.2
0.28353
-0.247103
1.4
0.170118
-0.857983
-1.4
0.513677
-0.857983
-1.1
0.513677
-0.428992
-0.7
0.256839
-0.343193
-0.4
0.205471
-0.343193
0.5
0.205471
-0.428992
0.6
0.256839
-0.257395
0.6
0.154103
-0.428992
0.8
0.256839
-0.471891
1
0.282523
-0.428992
1.2
0.256839
-0.257395
1.4
0.154103
-0.888835
-1.4
0.458226
-0.888835
-1.1
0.458226
-0.444418
-0.7
0.229113
-0.355534
-0.4
0.183291
-0.355534
0.5
0.183291
-0.444418
0.6
0.229113
-0.266651
0.6
0.137468
-0.444418
0.8
0.229113
-0.48886
1
0.252025
-0.444418
1.2
0.229113
-0.266651
1.4
0.137468
-0.916108
-1.4
0.400931
-0.916108
-1.1
0.400931
-0.458054
-0.7
0.200465
-0.366443
-0.4
0.160372
-0.366443
0.5
0.160372
-0.458054
0.6
0.200465
-0.274833
0.6
0.120279
-0.458054
0.8
0.200465
-0.50386
1
0.220512
-0.458054
1.2
0.200465
-0.274833
1.4
0.120279
-0.939693
-1.4
0.34202
-0.939693
-1.1
0.34202
-0.469846
-0.7
0.17101
-0.375877
-0.4
0.136808
-0.375877
0.5
0.136808
-0.469846
0.6
0.17101
-0.281908
0.6
0.102606
-0.469846
0.8
0.17101
-0.516831
1
0.188111
-0.469846
1.2
0.17101
-0.281908
1.4
0.102606
-0.959493
-1.4
0.281733
-0.959493
-1.1
0.281733
-0.479746
-0.7
0.140866
-0.383797
-0.4
0.112693
-0.383797
0.5
0.112693
-0.479746
0.6
0.140866
-0.287848
0.6
0.0845198
-0.479746
0.8
0.140866
-0.527721
1
0.154953
-0.479746
1.2
0.140866
-0.287848
1.4
0.0845198
-0.97543
-1.4
0.220311
-0.97543
-1.1
0.220311
-0.487715
-0.7
0.110155
-0.390172
-0.4
0.0881242
-0.390172
0.5
0.0881242
-0.487715
0.6
0.110155
-0.292629
0.6
0.0660932
-0.487715
0.8
0.110155
-0.536486
1
0.121171
-0.487715
1.2
0.110155
-0.292629
1.4
0.0660932
-0.987439
-1.4
0.158001
-0.987439
-1.1
0.158001
-0.493719
-0.7
0.0790007
-0.394976
-0.4
0.0632006
-0.394976
0.5
0.0632006
-0.493719
0.6
0.0790007
-0.296232
0.6
0.0474004
-0.493719
0.8
0.0790007
-0.543091
1
0.0869008
-0.493719
1.2
0.0790007
-0.296232
1.4
0.0474004
-0.995472
-1.4
0.095056
-0.995472
-1.1
0.095056
-0.497736
-0.7
0.047528
-0.398189
-0.4
0.0380224
-0.398189
0.5
0.0380224
-0.497736
0.6
0.047528
-0.298642
0.6
0.0285168
-0.497736
0.8
0.047528
-0.54751
1
0.0522808
-0.497736
1.2
0.047528
-0.298642
1.4
0.0285168
-0.999497
-1.4
0.0317279
-0.999497
-1.1
0.0317279
-0.499748
-0.7
0.0158639
-0.399799
-0.4
0.0126911
-0.399799
0.5
0.0126911
-0.499748
0.6
0.0158639
-0.299849
0.6
0.00951836
-0.499748
0.8
0.0158639
-0.549723
1
0.0174503
-0.499748
1.2
0.0158639
-0.299849
1.4
0.00951836
-0.999497
-1.4
-0.031728
-0.999497
-1.1
-0.031728
-0.499748
-0.7
-0.015864
-0.399799
-0.4
-0.0126912
-0.399799
0.5
-0.0126912
-0.499748
0.6
-0.015864
-0.299849
0.6
-0.00951841
-0.499748
0.8
-0.015864
-0.549723
1
-0.0174504
-0.499748
1.2
-0.015864
-0.299849
1.4
-0.00951841
-0.995472
-1.4
-0.0950559
-0.995472
-1.1
-0.0950559
-0.497736
-0.7
-0.047528
-0.398189
-0.4
-0.0380224
-0.398189
0.5
-0.0380224
-0.497736
0.6
-0.047528
-0.298642
0.6
-0.0285168
-0.497736
0.8
-0.047528
-0.54751
1
-0.0522808
-0.497736
1.2
-0.047528
-0.298642
1.4
-0.0285168
-0.987439
-1.4
-0.158001
-0.987439
-1.1
-0.158001
-0.493719
-0.7
-0.0790007
-0.394976
-0.4
-0.0632005
-0.394976
0.5
-0.0632005
-0.493719
0.6
-0.0790007
-0.296232
0.6
-0.0474004
-0.493719
0.8
-0.0790007
-0.543091
1
-0.0869007
-0.493719
1.2
-0.0790007
-0.296232
1.4
-0.0474004
-0.97543
-1.4
-0.22031
-0.97543
-1.1
-0.22031
-0.487715
-0.7
-0.110155
-0.390172
-0.4
-0.0881242
-0.390172
0.5
-0.0881242
-0.487715
0.6
-0.110155
-0.292629
0.6
-0.0660932
-0.487715
0.8
-0.110155
-0.536486
1
-0.121171
-0.487715
1.2
-0.110155
-0.292629
1.4
-0.0660932
-0.959493
-1.4
-0.281733
-0.959493
-1.1
-0.281733
-0.479746
-0.7
-0.140866
-0.383797
-0.4
-0.112693
-0.383797
0.5
-0.112693
-0.479746
0.6
-0.140866
-0.287848
0.6
-0.0845198
-0.479746
0.8
-0.140866
-0.527721
1
-0.154953
-0.479746
1.2
-0.140866
-0.287848
1.4
-0.0845198
-0.939693
-1.4
-0.34202
-0.939693
-1.1
-0.34202
-0.469846
-0.7
-0.17101
-0.375877
-0.4
-0.136808
-0.375877
0.5
-0.136808
-0.469846
0.6
-0.17101
-0.281908
0.6
-0.102606
-0.469846
0.8
-0.17101
-0.516831
1
-0.188111
-0.469846
1.2
-0.17101
-0.281908
1.4
-0.102606
-0.916108
-1.4
-0.400931
-0.916108
-1.1
-0.400931
-0.458054
-0.7
-0.200465
-0.366443
-0.4
-0.160372
-0.366443
0.5
-0.160372
-0.458054
0.6
-0.200465
-0.274833
0.6
-0.120279
-0.458054
0.8
-0.200465
-0.50386
1
-0.220512
-0.458054
1.2
-0.200465
-0.274833
1.4
-0.120279
-0.888835
-1.4
-0.458227
-0.888835
-1.1
-0.458227
-0.444418
-0.7
-0.229113
-0.355534
-0.4
-0.183291
-0.355534
0.5
-0.183291
-0.444418
0.6
-0.229113
-0.266651
0.6
-0.137468
-0.444418
0.8
-0.229113
-0.48886
1
-0.252025
-0.444418
1.2
-0.229113
-0.266651
1.4
-0.137468
-0.857983
-1.4
-0.513677
-0.857983
-1.1
-0.513677
-0.428992
-0.7
-0.256839
-0.343193
-0.4
-0.205471
-0.343193
0.5
-0.205471
-0.428992
0.6
-0.256839
-0.257395
0.6
-0.154103
-0.428992
0.8
-0.256839
-0.471891
1
-0.282523
-0.428992
1.2
-0.256839
-0.257395
1.4
-0.154103
-0.823677
-1.4
-0.56706
-0.823677
-1.1
-0.56706
-0.411838
-0.7
-0.28353
-0.329471
-0.4
-0.226824
-0.329471
0.5
-0.226824
-0.411838
0.6
-0.28353
-0.247103
0.6
-0.170118
-0.411838
0.8
-0.28353
-0.453022
1
-0.311883
-0.411838
1.2
-0.28353
-0.247103
1.4
-0.170118
-0.786053
-1.4
-0.618159
-0.786053
-1.1
-0.618159
-0.393027
-0.7
-0.309079
-0.314421
-0.4
-0.247264
-0.314421
0.5
-0.247264
-0.393027
0.6
-0.309079
-0.235816
0.6
-0.185448
-0.393027
0.8
-0.309079
-0.432329
1
-0.339987
-0.393027
1.2
-0.309079
-0.235816
1.4
-0.185448
-0.745264
-1.4
-0.666769
-0.745264
-1.1
-0.666769
-0.372632
-0.7
-0.333384
-0.298106
-0.4
-0.266708
-0.298106
0.5
-0.266708
-0.372632
0.6
-0.333384
-0.223579
0.6
-0.200031
-0.372632
0.8
-0.333384
-0.409895
1
-0.366723
-0.372632
1.2
-0.333384
-0.223579
1.4
-0.200031
-0.701475
-1.4
-0.712694
-0.701475
-1.1
-0.712694
-0.350737
-0.7
-0.356347
-0.28059
-0.4
-0.285078
-0.28059
0.5
-0.285078
-0.350737
0.6
-0.356347
-0.210442
0.6
-0.213808
-0.350737
0.8
-0.356347
-0.385811
1
-0.391982
-0.350737
1.2
-0.356347
-0.210442
1.4
-0.213808
-0.654861
-1.4
-0.75575
-0.654861
-1.1
-0.75575
-0.32743
-0.7
-0.377875
-0.261944
-0.4
-0.3023
-0.261944
0.5
-0.3023
-0.32743
0.6
-0.377875
-0.196458
0.6
-0.226725
-0.32743
0.8
-0.377875
-0.360173
1
-0.415662
-0.32743
1.2
-0.377875
-0.196458
1.4
-0.226725
-0.60561
-1.4
-0.795762
-0.60561
-1.1
-0.795762
-0.302805
-0.7
-0.397881
-0.242244
-0.4
-0.318305
-0.242244
0.5
-0.318305
-0.302805
0.6
-0.397881
-0.181683
0.6
-0.238729
-0.302805
0.8
-0.397881
-0.333085
1
-0.437669
-0.302805
1.2
-0.397881
-0.181683
1.4
-0.238729
-0.55392
-1.4
-0.83257
-0.55392
-1.1
-0.83257
-0.27696
-0.7
-0.416285
-0.221568
-0.4
-0.333028
-0.221568
0.5
-0.333028
-0.27696
0.6
-0.416285
-0.166176
0.6
-0.249771
-0.27696
0.8
-0.416285
-0.304656
1
-0.457913
-0.27696
1.2
-0.416285
-0.166176
1.4
-0.249771
-0.5
-1.4
-0.866025
-0.5
-1.1
-0.866025
-0.25
-0.7
-0.433013
-0.2
-0.4
-0.34641
-0.2
0.5
-0.34641
-0.25
0.6
-0.433013
-0.15
0.6
-0.259808
-0.25
0.8
-0.433013
-0.275
1
-0.476314
-0.25
1.2
-0.433013
-0.15
1.4
-0.259808
-0.444066
-1.4
-0.895994
-0.444066
-1.1
-0.895994
-0.222033
-0.7
-0.447997
-0.177627
-0.4
-0.358398
-0.177627
0.5
-0.358398
-0.222033
0.6
-0.447997
-0.13322
0.6
-0.268798
-0.222033
0.8
-0.447997
-0.244237
1
-0.492797
-0.222033
1.2
-0.447997
-0.13322
1.4
-0.268798
-0.386345
-1.4
-0.922354
-0.386345
-1.1
-0.922354
-0.193172
-0.7
-0.461177
-0.154538
-0.4
-0.368942
-0.154538
0.5
-0.368942
-0.193172
0.6
-0.461177
-0.115903
0.6
-0.276706
-0.193172
0.8
-0.461177
-0.21249
1
-0.507295
-0.193172
1.2
-0.461177
-0.115903
1.4
-0.276706
-0.327068
-1.4
-0.945001
-0.327068
-1.1
-0.945001
-0.163534
-0.7
-0.4725
-0.130827
-0.4
-0.378
-0.130827
0.5
-0.378
-0.163534
0.6
-0.4725
-0.0981203
0.6
-0.2835
-0.163534
0.8
-0.4725
-0.179887
1
-0.51975
-0.163534
1.2
-0.4725
-0.0981203
1.4
-0.2835
-0.266474
-1.4
-0.963842
-0.266474
-1.1
-0.963842
-0.133237
-0.7
-0.481921
-0.10659
-0.4
-0.385537
-0.10659
0.5
-0.385537
-0.133237
0.6
-0.481921
-0.0799422
0.6
-0.289153
-0.133237
0.8
-0.481921
-0.146561
1
-0.530113
-0.133237
1.2
-0.481921
-0.0799422
1.4
-0.289153
-0.204807
-1.4
-0.978802
-0.204807
-1.1
-0.978802
-0.102403
-0.7
-0.489401
-0.0819227
-0.4
-0.391521
-0.0819227
0.5
-0.391521
-0.102403
0.6
-0.489401
-0.0614421
0.6
-0.293641
-0.102403
0.8
-0.489401
-0.112644
1
-0.538341
-0.102403
1.2
-0.489401
-0.0614421
1.4
-0.293641
-0.142315
-1.4
-0.989821
-0.142315
-1.1
-0.989821
-0.0711575
-0.7
-0.494911
-0.056926
-0.4
-0.395929
-0.056926
0.5
-0.395929
-0.0711575
0.6
-0.494911
-0.0426945
0.6
-0.296946
-0.0711575
0.8
-0.494911
-0.0782733
1
-0.544402
-0.0711575
1.2
-0.494911
-0.0426945
1.4
-0.296946
-0.0792501
-1.4
-0.996855
-0.0792501
-1.1
-0.996855
-0.0396251
-0.7
-0.498427
-0.0317
-0.4
-0.398742
-0.0317
0.5
-0.398742
-0.0396251
0.6
-0.498427
-0.023775
0.6
-0.299056
-0.0396251
0.8
-0.498427
-0.0435876
1
-0.54827
-0.0396251
1.2
-0.498427
-0.023775
1.4
-0.299056
-0.0158661
-1.4
-0.999874
-0.0158661
-1.1
-0.999874
-0.00793304
-0.7
-0.499937
-0.00634643
-0.4
-0.39995
-0.00634643
0.5
-0.39995
-0.00793304
0.6
-0.499937
-0.00475982
0.6
-0.299962
-0.00793304
0.8
-0.499937
-0.00872634
1
-0.549931
-0.00793304
1.2
-0.499937
-0.00475982
1.4
-0.299962
0.0475818
-1.4
-0.998867
0.0475818
-1.1
-0.998867
0.0237909
-0.7
-0.499434
0.0190327
-0.4
-0.399547
0.0190327
0.5
-0.399547
0.0237909
0.6
-0.499434
0.0142746
0.6
-0.29966
0.0237909
0.8
-0.499434
0.02617
1
-0.549377
0.0237909
1.2
-0.499434
0.0142746
1.4
-0.29966
0.110838
-1.4
-0.993838
0.110838
-1.1
-0.993838
0.0554191
-0.7
-0.496919
0.0443353
-0.4
-0.397535
0.0443353
0.5
-0.397535
0.0554191
0.6
-0.496919
0.0332514
0.6
-0.298152
0.0554191
0.8
-0.496919
0.060961
1
-0.546611
0.0554191
1.2
-0.496919
0.0332514
1.4
-0.298152
0.173648
-1.4
-0.984808
0.173648
-1.1
-0.984808
0.0868241
-0.7
-0.492404
0.0694593
-0.4
-0.393923
0.0694593
0.5
-0.393923
0.0868241
0.6
-0.492404
0.0520944
0.6
-0.295442
0.0868241
0.8
-0.492404
0.0955065
1
-0.541644
0.0868241
1.2
-0.492404
0.0520944
1.4
-0.295442
0.235759
-1.4
-0.971812
0.235759
-1.1
-0.971812
0.117879
-0.7
-0.485906
0.0943036
-0.4
-0.388725
0.0943036
0.5
-0.388725
0.117879
0.6
-0.485906
0.0707277
0.6
-0.291543
0.117879
0.8
-0.485906
0.129667
1
-0.534496
0.117879
1.2
-0.485906
0.0707277
1.4
-0.291543
0.29692
-1.4
-0.954902
0.29692
-1.1
-0.954902
0.14846
-0.7
-0.477451
0.118768
-0.4
-0.381961
0.118768
0.5
-0.381961
0.14846
0.6
-0.477451
0.0890761
0.6
-0.286471
0.14846
0.8
-0.477451
0.163306
1
-0.525196
0.14846
1.2
-0.477451
0.0890761
1.4
-0.286471
0.356886
-1.4
-0.934148
0.356886
-1.1
-0.934148
0.178443
-0.7
-0.467074
0.142755
-0.4
-0.373659
0.142755
0.5
-0.373659
0.178443
0.6
-0.467074
0.107066
0.6
-0.280244
0.178443
0.8
-0.467074
0.196287
1
-0.513781
0.178443
1.2
-0.467074
0.107066
1.4
-0.280244
0.415415
-1.4
-0.909632
0.415415
-1.1
-0.909632
0.207708
-0.7
-0.454816
0.166166
-0.4
-0.363853
0.166166
0.5
-0.363853
0.207708
0.6
-0.454816
0.124625
0.6
-0.27289
0.207708
0.8
-0.454816
0.228478
1
-0.500298
0.207708
1.2
-0.454816
0.124625
1.4
-0.27289
0.472271
-1.4
-0.881453
0.472271
-1.1
-0.881453
0.236136
-0.7
-0.440727
0.188908
-0.4
-0.352581
0.188908
0.5
-0.352581
0.236136
0.6
-0.440727
0.141681
0.6
-0.264436
0.236136
0.8
-0.440727
0.259749
1
-0.484799
0.236136
1.2
-0.440727
0.141681
1.4
-0.264436
0.527226
-1.4
-0.849725
0.527226
-1.1
-0.849725
0.263613
-0.7
-0.424863
0.21089
-0.4
-0.33989
0.21089
0.5
-0.33989
0.263613
0.6
-0.424863
0.158168
0.6
-0.254918
0.263613
0.8
-0.424863
0.289974
1
-0.467349
0.263613
1.2
-0.424863
0.158168
1.4
-0.254918
0.580057
-1.4
-0.814576
0.580057
-1.1
-0.814576
0.290029
-0.7
-0.407288
0.232023
-0.4
-0.32583
0.232023
0.5
-0.32583
0.290029
0.6
-0.407288
0.174017
0.6
-0.244373
0.290029
0.8
-0.407288
0.319031
1
-0.448017
0.290029
1.2
-0.407288
0.174017
1.4
-0.244373
0.630553
-1.4
-0.776146
0.630553
-1.1
-0.776146
0.315276
-0.7
-0.388073
0.252221
-0.4
-0.310459
0.252221
0.5
-0.310459
0.315276
0.6
-0.388073
0.189166
0.6
-0.232844
0.315276
0.8
-0.388073
0.346804
1
-0.426881
0.315276
1.2
-0.388073
0.189166
1.4
-0.232844
0.678509
-1.4
-0.734592
0.678509
-1.1
-0.734592
0.339255
-0.7
-0.367296
0.271404
-0.4
-0.293837
0.271404
0.5
-0.293837
0.339255
0.6
-0.367296
0.203553
0.6
-0.220378
0.339255
0.8
-0.367296
0.37318
1
-0.404026
0.339255
1.2
-0.367296
0.203553
1.4
-0.220378
0.723734
-1.4
-0.690079
0.723734
-1.1
-0.690079
0.361867
-0.7
-0.34504
0.289494
-0.4
-0.276032
0.289494
0.5
-0.276032
0.361867
0.6
-0.34504
0.21712
0.6
-0.207024
0.361867
0.8
-0.34504
0.398054
1
-0.379544
0.361867
1.2
-0.34504
0.21712
1.4
-0.207024
0.766044
-1.4
-0.642788
0.766044
-1.1
-0.642788
0.383022
-0.7
-0.321394
0.306418
-0.4
-0.257115
0.306418
0.5
-0.257115
0.383022
0.6
-0.321394
0.229813
0.6
-0.192836
0.383022
0.8
-0.321394
0.421324
1
-0.353533
0.383022
1.2
-0.321394
0.229813
1.4
-0.192836
0.80527
-1.4
-0.592908
0.80527
-1.1
-0.592908
0.402635
-0.7
-0.296454
0.322108
-0.4
-0.237163
0.322108
0.5
-0.237163
0.402635
0.6
-0.296454
0.241581
0.6
-0.177872
0.402635
0.8
-0.296454
0.442899
1
-0.326099
0.402635
1.2
-0.296454
0.241581
1.4
-0.177872
0.841253
-1.4
-0.540641
0.841253
-1.1
-0.540641
0.420627
-0.7
-0.27032
0.336501
-0.4
-0.216256
0.336501
0.5
-0.216256
0.420627
0.6
-0.27032
0.252376
0.6
-0.162192
0.420627
0.8
-0.27032
0.462689
1
-0.297352
0.420627
1.2
-0.27032
0.252376
1.4
-0.162192
0.873849
-1.4
-0.486197
0.873849
-1.1
-0.486197
0.436925
-0.7
-0.243098
0.34954
-0.4
-0.194479
0.34954
0.5
-0.194479
0.436925
0.6
-0.243098
0.262155
0.6
-0.145859
0.436925
0.8
-0.243098
0.480617
1
-0.267408
0.436925
1.2
-0.243098
0.262155
1.4
-0.145859
0.902927
-1.4
-0.429795
0.902927
-1.1
-0.429795
0.451463
-0.7
-0.214897
0.361171
-0.4
-0.171918
0.361171
0.5
-0.171918
0.451463
0.6
-0.214897
0.270878
0.6
-0.128938
0.451463
0.8
-0.214897
0.49661
1
-0.236387
0.451463
1.2
-0.214897
0.270878
1.4
-0.128938
0.928368
-1.4
-0.371662
0.928368
-1.1
-0.371662
0.464184
-0.7
-0.185831
0.371347
-0.4
-0.148665
0.371347
0.5
-0.148665
0.464184
0.6
-0.185831
0.27851
0.6
-0.111499
0.464184
0.8
-0.185831
0.510602
1
-0.204414
0.464184
1.2
-0.185831
0.27851
1.4
-0.111499
0.950071
-1.4
-0.312033
0.950071
-1.1
-0.312033
0.475036
-0.7
-0.156017
0.380028
-0.4
-0.124813
0.380028
0.5
-0.124813
0.475036
0.6
-0.156017
0.285021
0.6
-0.09361
0.475036
0.8
-0.156017
0.522539
1
-0.171618
0.475036
1.2
-0.156017
0.285021
1.4
-0.09361
0.967949
-1.4
-0.251148
0.967949
-1.1
-0.251148
0.483974
-0.7
-0.125574
0.387179
-0.4
-0.100459
0.387179
0.5
-0.100459
0.483974
0.6
-0.125574
0.290385
0.6
-0.0753444
0.483974
0.8
-0.125574
0.532372
1
-0.138131
0.483974
1.2
-0.125574
0.290385
1.4
-0.0753444
0.981929
-1.4
-0.189251
0.981929
-1.1
-0.189251
0.490964
-0.7
-0.0946256
0.392771
-0.4
-0.0757005
0.392771
0.5
-0.0757005
0.490964
0.6
-0.0946256
0.294579
0.6
-0.0567754
0.490964
0.8
-0.0946256
0.540061
1
-0.104088
0.490964
1.2
-0.0946256
0.294579
1.4
-0.0567754
0.991955
-1.4
-0.126592
0.991955
-1.1
-0.126592
0.49