Usando semilla: 1
--------------------------------------Clasificador (BMB):diabetes-------------------------------------
Particion	Tasa_clas_train[%]	Tasa_clas_test[%]	Tasa_red[%]	Fitness		Tiempo[s]
1		0.00			70.13			62.50		68.60		20		
2		0.00			65.58			62.50		64.97		24		
3		0.00			66.88			62.50		66.01		22		
4		0.00			63.64			75.00		65.91		21		
5		0.00			69.74			75.00		70.79		23		
MEDIA		0.00			67.19			67.50		67.26		22		
Pesos medios:
0.066 0.7 0.017 0.0044 0.11 0.4 0.18 0.29 

--------------------------------------Clasificador (BMB):ozone-320-------------------------------------
Particion	Tasa_clas_train[%]	Tasa_clas_test[%]	Tasa_red[%]	Fitness		Tiempo[s]
1		0.00			79.69			41.67		72.08		87		
2		0.00			76.56			48.61		70.97		69		
3		0.00			79.69			50.00		73.75		77		
4		0.00			78.12			50.00		72.50		62		
5		0.00			78.12			43.06		71.11		63		
MEDIA		0.00			78.44			46.67		72.08		72		
Pesos medios:
0.66 0.18 0.35 0.19 0.4 0.27 0.0065 0.77 0.46 0.077 0.61 0.69 0.56 0.011 0.34 0.67 0.17 0.73 0.23 0.32 0.19 0.49 0.45 0.38 0.52 0.1 0.09 0.23 0.31 0.34 0.42 0.33 0.37 0.44 0.33 0.19 0.2 0.2 0.2 0.19 0.2 0.28 0.3 0.38 0.46 0.6 0.32 0.3 0.31 0.28 0.08 0.23 0.21 0.67 0.52 0.32 0.65 0.58 0.55 0.54 0.21 0.55 0.5 0.31 0.34 0.52 0.45 0.59 0.28 0.72 0.47 0.012 

--------------------------------------Clasificador (BMB):spectf-heart-------------------------------------
Particion	Tasa_clas_train[%]	Tasa_clas_test[%]	Tasa_red[%]	Fitness		Tiempo[s]
1		0.00			80.00			68.18		77.64		53		
2		0.00			90.00			61.36		84.27		60		
3		0.00			87.14			54.55		80.62		65		
4		0.00			80.00			61.36		76.27		52		
5		0.00			86.96			68.18		83.20		49		
MEDIA		0.00			84.82			62.73		80.40		56		
Pesos medios:
0.0042 0.34 0.53 0.24 0.22 0.074 0.26 0.34 0.32 0.4 0.48 0.034 0.14 0.037 0.42 0.19 0.51 0.19 0.19 0.3 0.077 0.29 0.89 0.19 0.66 0.43 0.22 0.0032 0.48 0.32 0.17 0.39 0.056 0.14 0.19 0.2 0.018 0.45 0.31 0.08 0 0.48 0.51 0.31 

Usando semilla: 1
--------------------------------------Clasificador (ILS):diabetes-------------------------------------
Particion	Tasa_clas_train[%]	Tasa_clas_test[%]	Tasa_red[%]	Fitness		Tiempo[s]
