 0  56  23  86  7  56  73  60  100  87  11  62  18  58  76  70  36  18 
 56  0  59  7  46  43  81  68  59  44  77  80  94  55  54  35  10  78 
 23  59  0  21  18  34  94  78  33  81  89  96  99  47  72  68  84  90 
 86  7  21  0  27  92  36  70  72  3  29  16  80  9  9  34  64  45 
 7  46  18  27  0  45  42  66  63  76  60  41  9  40  29  5  39  77 
 56  43  34  92  45  0  77  7  60  67  35  51  2  4  23  5  34  39 
 73  81  94  36  42  77  0  86  43  49  19  7  94  65  49  60  27  25 
 60  68  78  70  66  7  86  0  19  68  35  60  98  40  100  74  17  7 
 100  59  33  72  63  60  43  19  0  34  84  42  85  86  46  7  92  81 
 87  44  81  3  76  67  49  68  34  0  47  77  24  97  97  31  91  61 
 11  77  89  29  60  35  19  35  84  47  0  81  50  89  5  70  57  40 
 62  80  96  16  41  51  7  60  42  77  81  0  30  54  80  30  28  97 
 18  94  99  80  9  2  94  98  85  24  50  30  0  37  62  81  79  47 
 58  55  47  9  40  4  65  40  86  97  89  54  37  0  66  25  55  58 
 76  54  72  9  29  23  49  100  46  97  5  80  62  66  0  5  1  35 
 70  35  68  34  5  5  60  74  7  31  70  30  81  25  5  0  29  99 
 36  10  84  64  39  34  27  17  92  91  57  28  79  55  1  29  0  31 
 18  78  90  45  77  39  25  7  81  61  40  97  47  58  35  99  31  0 