1000000  156
1500000  218
2000000  296
2500000  375
3000000  452
3500000  546
4000000  624
4500000  702
5000000  796
5500000  858
6000000  936
6500000  1076
7000000  1170
7500000  1233
8000000  1326
8500000  1404
9000000  1498
9500000  1575
10000000  1670
10500000  1731
11000000  1857
11500000  1918
12000000  1997
12500000  2122
13000000  2371
13500000  2465
14000000  2574
14500000  2652
15000000  2745
15500000  2808
16000000  2918
16500000  2964
17000000  3042
17500000  3151
18000000  3213
18500000  3323
19000000  3370
19500000  3463
20000000  3557
20500000  3650
21000000  3775
21500000  3854
22000000  3900
22500000  4197
23000000  4102
23500000  4244
24000000  4274
24500000  4368
25000000  4462
25500000  4617
26000000  4727
26500000  4836
27000000  4914
27500000  5008
28000000  5101
28500000  5163
29000000  5242
29500000  5351