-- Configuring done
-- Generating done
-- Build files have been written to: /oreo/Todo/Universidad/3ºCurso/Segundo Cuatri/MH/Practicas/Practica02/software/bin
Consolidate compiler generated dependencies of target practica2
[100%] Built target practica2
Usando operador: Aritmetrico
Usando semilla: 1
--------------------------------------Clasificador (AGG-Aritmetrico):diabetes-------------------------------------
Particion	Tasa_clas_train[%]	Tasa_clas_test[%]	Tasa_red[%]	Fitness		Tiempo[s]
1		70.68			68.83			50.00		65.06		68		
2		67.26			68.18			37.50		62.05		69		
3		61.07			60.39			75.00		63.31		65		
4		67.10			66.23			62.50		65.49		68		
5		68.18			67.76			37.50		61.71		70		
MEDIA		66.86			66.28			52.50		63.52		68		
Pesos medios:
0.4 0.48 0.086 0.2 0.35 0.32 0.091 0.17 

--------------------------------------Clasificador (AGG-Aritmetrico):ozone-320-------------------------------------
Particion	Tasa_clas_train[%]	Tasa_clas_test[%]	Tasa_red[%]	Fitness		Tiempo[s]
1		86.33			81.25			25.00		70.00		70		
2		83.59			76.56			38.89		69.03		71		
3		80.47			82.81			33.33		72.92		70		
4		83.59			71.88			30.56		63.61		67		
5		84.38			76.56			20.83		65.42		74		
MEDIA		83.67			77.81			29.72		68.19		70		
Pesos medios:
0.6 0.27 0.18 0.47 0.47 0.46 0.58 0.43 0.24 0.64 0.47 0.32 0.47 0.47 0.38 0.3 0.45 0.65 0.39 0.37 0.39 0.35 0.49 0.54 0.37 0.34 0.46 0.077 0.55 0.46 0.35 0.46 0.54 0.33 0.14 0.5 0.37 0.65 0.43 0.41 0.29 0.18 0.37 0.23 0.5 0.14 0.13 0.29 0.23 0.6 0.24 0.27 0.35 0.51 0.61 0.31 0.31 0.26 0.58 0.36 0.41 0.38 0.52 0.34 0.39 0.36 0.21 0.6 0.46 0.31 0.66 0.2 

--------------------------------------Clasificador (AGG-Aritmetrico):spectf-heart-------------------------------------
Particion	Tasa_clas_train[%]	Tasa_clas_test[%]	Tasa_red[%]	Fitness		Tiempo[s]
1		85.30			85.71			29.55		74.48		51		
2		91.04			87.14			36.36		76.99		51		
3		83.51			95.71			22.73		81.12		49		
4		87.81			78.57			27.27		68.31		55		
5		88.21			81.16			36.36		72.20		53		
MEDIA		87.18			85.66			30.45		74.62		52		
Pesos medios:
0.4 0.33 0.58 0.027 0.3 0.63 0.48 0.47 0.43 0.51 0.55 0.53 0.5 0.66 0.41 0.47 0.47 0.24 0.4 0.71 0.47 0.24 0.18 0.32 0.39 0.38 0.39 0.17 0.59 0.52 0.35 0.54 0.5 0.12 0.6 0.32 0.36 0.49 0.37 0.69 0.55 0.22 0.14 0.2 

Usando operador: BLX
Usando semilla: 1
--------------------------------------Clasificador (AGG-BLX):diabetes-------------------------------------
Particion	Tasa_clas_train[%]	Tasa_clas_test[%]	Tasa_red[%]	Fitness		Tiempo[s]
1		67.43			72.08			50.00		67.66		68		
2		69.06			73.38			50.00		68.70		68		
3		71.99			63.64			50.00		60.91		67		
4		60.26			48.70			87.50		56.46		67		
5		57.79			58.55			87.50		64.34		68		
MEDIA		65.30			63.27			65.00		63.62		68		
Pesos medios:
0.19 0.28 0 0 0.25 0.55 0.089 0.35 

--------------------------------------Clasificador (AGG-BLX):ozone-320-------------------------------------
Particion	Tasa_clas_train[%]	Tasa_clas_test[%]	Tasa_red[%]	Fitness		Tiempo[s]
1		86.33			76.56			37.50		68.75		78		
2		87.11			84.38			36.11		74.72		79		
3		84.77			76.56			41.67		69.58		83		
4		87.50			73.44			34.72		65.69		78		
5		81.25			84.38			33.33		74.17		76		
MEDIA		85.39			79.06			36.67		70.58		79		
Pesos medios:
0.59 0.51 0.38 0.36 0.22 0.4 0.51 0.63 0.33 0.39 0.62 0.33 0.56 0.62 0.27 0.16 0.32 0.39 0.48 0.2 0.41 0.35 0.56 0.61 0.28 0.23 0.22 0.39 0.5 0.46 0 0.28 0.33 0.37 0.12 0.4 0.29 0.39 0.2 0.47 0.28 0.12 0.32 0.33 0.24 0.2 0.33 0.24 0.21 0.22 0.3 0.14 0.24 0.7 0.17 0.53 0.18 0.4 0.44 0.56 0.32 0.46 0.53 0.62 0.53 0.26 0.26 0.39 0.29 0.4 0.69 0.3 

--------------------------------------Clasificador (AGG-BLX):spectf-heart-------------------------------------
Particion	Tasa_clas_train[%]	Tasa_clas_test[%]	Tasa_red[%]	Fitness		Tiempo[s]
1		88.53			81.43			47.73		74.69		54		
2		88.89			82.86			38.64		74.01		55		
3		87.81			91.43			40.91		81.32		55		
4		88.17			81.43			36.36		72.42		56		
5		90.71			76.81			36.36		68.72		54		
MEDIA		88.82			82.79			40.00		74.23		55		
Pesos medios:
0.11 0.44 0.26 0.19 0.57 0.47 0.096 0.47 0.46 0.53 0.44 0.46 0.39 0.37 0.45 0.31 0.62 0.25 0.27 0.29 0.43 0.25 0.53 0.26 0.24 0.13 0.17 0.18 0.54 0.68 0.1 0.055 0.55 0.4 0.31 0.34 0.32 0.51 0.32 0.34 0.55 0.44 0.55 0.26 

Usando operador: Aritmetrico
Usando semilla: 1
--------------------------------------Clasificador (AGE-Aritmetrico):diabetes-------------------------------------
Particion	Tasa_clas_train[%]	Tasa_clas_test[%]	Tasa_red[%]	Fitness		Tiempo[s]
1		72.64			68.18			62.50		67.05		80		
2		68.89			64.94			62.50		64.45		73		
3		69.06			70.13			62.50		68.60		82		
4		68.24			68.18			62.50		67.05		1e+02		
5		72.40			71.05			50.00		66.84		1.1e+02		
MEDIA		70.25			68.50			60.00		66.80		89		
Pesos medios:
0.31 0.5 0.15 0 0.28 0.3 0.1 0 

--------------------------------------Clasificador (AGE-Aritmetrico):ozone-320-------------------------------------
Particion	Tasa_clas_train[%]	Tasa_clas_test[%]	Tasa_red[%]	Fitness		Tiempo[s]
1		84.77			79.69			16.67		67.08		96		
2		82.81			79.69			19.44		67.64		82		
3		83.20			85.94			13.89		71.53		73		
4		85.55			71.88			26.39		62.78		78		
5		83.59			76.56			16.67		64.58		92		
MEDIA		83.98			78.75			18.61		66.72		84		
Pesos medios:
0.3 0.53 0.46 0.58 0.42 0.39 0.36 0.47 0.42 0.59 0.47 0.43 0.6 0.39 0.53 0.63 0.26 0.61 0.35 0.34 0.37 0.31 0.56 0.44 0.31 0.34 0.32 0.38 0.28 0.48 0.52 0.44 0.34 0.45 0.45 0.41 0.45 0.18 0.25 0.33 0.42 0.44 0.35 0.47 0.45 0.46 0.57 0.5 0.38 0.38 0.39 0.45 0.3 0.65 0.53 0.63 0.42 0.38 0.52 0.44 0.13 0.36 0.36 0.46 0.28 0.54 0.57 0.46 0.52 0.49 0.71 0.66 

--------------------------------------Clasificador (AGE-Aritmetrico):spectf-heart-------------------------------------
Particion	Tasa_clas_train[%]	Tasa_clas_test[%]	Tasa_red[%]	Fitness		Tiempo[s]
1		87.81			82.86			20.45		70.38		77		
2		87.10			88.57			22.73		75.40		73		
3		86.38			91.43			18.18		76.78		75		
4		86.02			81.43			18.18		68.78		72		
5		87.50			78.26			31.82		68.97		54		
MEDIA		86.96			84.51			22.27		72.06		70		
Pesos medios:
0.35 0.27 0.33 0.16 0.38 0.5 0.45 0.51 0.31 0.53 0.53 0.28 0.35 0.5 0.5 0.27 0.31 0.5 0.37 0.12 0.35 0.33 0.67 0.27 0.39 0.66 0.31 0.53 0.52 0.53 0.47 0.45 0.48 0.36 0.36 0.31 0.3 0.44 0.39 0.39 0.34 0.43 0.28 0.43 

Usando operador: BLX
Usando semilla: 1
--------------------------------------Clasificador (AGE-BLX):diabetes-------------------------------------
Particion	Tasa_clas_train[%]	Tasa_clas_test[%]	Tasa_red[%]	Fitness		Tiempo[s]
1		73.45			70.13			62.50		68.60		73		
2		69.22			62.99			62.50		62.89		78		
3		69.06			64.29			75.00		66.43		88		
4		69.38			66.88			75.00		68.51		1e+02		
5		72.89			65.79			50.00		62.63		98		
MEDIA		70.80			66.02			65.00		65.81		87		
Pesos medios:
0.25 0.61 0.076 0.083 0.12 0.26 0.04 0.092 

--------------------------------------Clasificador (AGE-BLX):ozone-320-------------------------------------
Particion	Tasa_clas_train[%]	Tasa_clas_test[%]	Tasa_red[%]	Fitness		Tiempo[s]
1		85.55			75.00			20.83		64.17		82		
2		83.59			79.69			16.67		67.08		77		
3		84.38			79.69			23.61		68.47		73		
4		87.50			73.44			15.28		61.81		68		
5		83.98			84.38			25.00		72.50		69		
MEDIA		85.00			78.44			20.28		66.81		74		
Pesos medios:
0.61 0.21 0.36 0.32 0.51 0.6 0.65 0.34 0.56 0.21 0.81 0.39 0.31 0.33 0.34 0.46 0.3 0.57 0.53 0.22 0.49 0.51 0.15 0.59 0.38 0.47 0.52 0.53 0.66 0.41 0.48 0.39 0.16 0.18 0.41 0.39 0.5 0.61 0.27 0.29 0.28 0.28 0.42 0.49 0.43 0.58 0.34 0.34 0.39 0.22 0.45 0.45 0.6 0.51 0.57 0.67 0.57 0.56 0.44 0.35 0.58 0.34 0.37 0.42 0.33 0.41 0.44 0.58 0.34 0.52 0.73 0.53 

--------------------------------------Clasificador (AGE-BLX):spectf-heart-------------------------------------
Particion	Tasa_clas_train[%]	Tasa_clas_test[%]	Tasa_red[%]	Fitness		Tiempo[s]
1		89.96			78.57			29.55		68.77		71		
2		87.10			81.43			29.55		71.05		53		
3		88.17			91.43			27.27		78.60		50		
4		88.89			84.29			31.82		73.79		51		
5		89.29			84.06			27.27		72.70		53		
MEDIA		88.68			83.95			29.09		72.98		56		
Pesos medios:
0.32 0.6 0.2 0.13 0.57 0.21 0.42 0.29 0.55 0.66 0.48 0.33 0.34 0.3 0.45 0.41 0.64 0.1 0.28 0.094 0.43 0.39 0.6 0.085 0.27 0.62 0.42 0.23 0.62 0.54 0.57 0.66 0.54 0.28 0.49 0.35 0.14 0.29 0.6 0.58 0.4 0.19 0.15 0.2 


Usando semilla: 1
--------------------------------------Clasificador (AM-All):diabetes-------------------------------------
Particion	Tasa_clas_train[%]	Tasa_clas_test[%]	Tasa_red[%]	Fitness		Tiempo[s]
1		71.01			68.18			62.50		67.05		77		
2		71.34			68.83			62.50		67.56		77		
3		71.01			66.88			62.50		66.01		70		
4		70.03			68.18			75.00		69.55		73		
5		69.32			63.16			62.50		63.03		68		
MEDIA		70.54			67.05			65.00		66.64		73		
Pesos medios:
0.029 0.91 0 0.29 0.22 0.37 0.2 0.34 

--------------------------------------Clasificador (AM-All):ozone-320-------------------------------------
Particion	Tasa_clas_train[%]	Tasa_clas_test[%]	Tasa_red[%]	Fitness		Tiempo[s]
1		87.89			76.56			33.33		67.92		70		
2		84.38			76.56			33.33		67.92		73		
3		87.89			81.25			34.72		71.94		61		
4		89.45			70.31			37.50		63.75		61		
5		86.33			78.12			40.28		70.56		61		
MEDIA		87.19			76.56			35.83		68.42		65		
Pesos medios:
0.58 0.29 0.4 0.45 0.27 0.17 0.43 0.51 0.37 0.22 0.59 0.36 0.47 0.32 0.23 0.16 0.41 0.58 0.54 0.34 0.35 0.52 0.56 0.46 0.36 0.24 0.15 0.051 0.23 0.41 0.26 0.33 0.2 0.28 0.16 0.37 0.067 0.53 0.16 0.34 0.35 0.14 0.4 0.14 0.17 0.22 0.43 0.28 0.21 0.24 0.33 0.025 0.42 0.66 0.71 0.67 0.05 0.53 0.51 0.49 0.034 0.34 0.49 0.38 0.27 0.27 0.46 0.32 0.27 0.37 0.55 0.17 

--------------------------------------Clasificador (AM-All):spectf-heart-------------------------------------
Particion	Tasa_clas_train[%]	Tasa_clas_test[%]	Tasa_red[%]	Fitness		Tiempo[s]
1		92.83			82.86			45.45		75.38		47		
2		92.11			80.00			72.73		78.55		47		
3		92.47			91.43			56.82		84.51		47		
4		91.76			87.14			65.91		82.90		47		
5		92.50			78.26			59.09		74.43		48		
MEDIA		92.34			83.94			60.00		79.15		48		
Pesos medios:
0 0.52 0.12 0 0.23 0.32 0.22 0.49 0.6 0.29 0.19 0 0.46 0.11 0.37 0.2 0 0.37 0.24 0.26 0.093 0 0.35 0.2 0.27 0.2 0.065 0 0.4 0.35 0.14 0.44 0.29 0 0.19 0.26 0.4 0.22 0.17 0.73 0.43 0.21 0.24 0.044 

Usando semilla: 1
--------------------------------------Clasificador (AM-Rand):diabetes-------------------------------------
Particion	Tasa_clas_train[%]	Tasa_clas_test[%]	Tasa_red[%]	Fitness		Tiempo[s]
1		54.89			56.49			87.50		62.69		67		
2		70.20			68.83			50.00		65.06		69		
3		69.54			62.99			50.00		60.39		67		
4		70.03			69.48			50.00		65.58		66		
5		67.37			65.79			50.00		62.63		69		
MEDIA		66.41			64.72			57.50		63.27		67		
Pesos medios:
0.16 0.54 0.29 0.2 0.28 0.22 0 0.33 

--------------------------------------Clasificador (AM-Rand):ozone-320-------------------------------------
Particion	Tasa_clas_train[%]	Tasa_clas_test[%]	Tasa_red[%]	Fitness		Tiempo[s]
1		85.16			78.12			38.89		70.28		68		
2		87.50			73.44			47.22		68.19		71		
3		87.11			82.81			47.22		75.69		72		
4		89.06			68.75			45.83		64.17		69		
5		87.11			79.69			51.39		74.03		66		
MEDIA		87.19			76.56			46.11		70.47		69		
Pesos medios:
0.42 0.11 0.31 0.31 0.45 0.59 0.4 0.63 0.38 0.29 0.71 0.43 0.33 0.37 0.27 0.3 0.36 0.48 0.57 0.3 0.46 0.069 0.54 0.34 0 0.27 0.28 0.09 0.37 0.088 0.17 0.06 0.39 0.29 0.25 0.25 0.12 0.23 0.42 0.6 0.49 0.37 0 0 0.24 0.35 0 0.27 0.1 0.17 0.23 0 0.21 0.73 0.58 0.42 0.26 0.41 0.31 0.57 0.37 0.36 0.39 0.42 0.49 0.38 0.39 0.4 0.23 0.33 0.62 0 

--------------------------------------Clasificador (AM-Rand):spectf-heart-------------------------------------
Particion	Tasa_clas_train[%]	Tasa_clas_test[%]	Tasa_red[%]	Fitness		Tiempo[s]
1		88.17			78.57			54.55		73.77		52		
2		89.61			84.29			63.64		80.16		52		
3		91.76			94.29			59.09		87.25		52		
4		89.61			80.00			70.45		78.09		52		
5		90.71			84.06			70.45		81.34		53		
MEDIA		89.97			84.24			63.64		80.12		52		
Pesos medios:
0 0.27 0.26 0.16 0.38 0.2 0 0 0.32 0.49 0.075 0 0.26 0.45 0.45 0.57 0.13 0 0.064 0 0.34 0.38 0.2 0.21 0.16 0.47 0.25 0 0.6 0.33 0 0.41 0.11 0.19 0.22 0.12 0.12 0.53 0.26 0.56 0.38 0.39 0.53 0.2 

Usando semilla: 1
--------------------------------------Clasificador (AM-Best):diabetes-------------------------------------
Particion	Tasa_clas_train[%]	Tasa_clas_test[%]	Tasa_red[%]	Fitness		Tiempo[s]
1		72.64			64.94			50.00		61.95		72		
2		65.96			67.53			75.00		69.03		73		
3		70.20			68.18			50.00		64.55		82		
4		67.59			66.88			62.50		66.01		77		
5		65.75			64.47			62.50		64.08		78		
MEDIA		68.43			66.40			60.00		65.12		76		
Pesos medios:
0.11 0.52 0.26 0 0.13 0.71 0 0.11 

--------------------------------------Clasificador (AM-Best):ozone-320-------------------------------------
Particion	Tasa_clas_train[%]	Tasa_clas_test[%]	Tasa_red[%]	Fitness		Tiempo[s]
1		88.28			71.88			50.00		67.50		75		
2		87.89			78.12			50.00		72.50		71		
3		88.67			81.25			50.00		75.00		66		
4		89.06			75.00			48.61		69.72		67		
5		86.72			82.81			40.28		74.31		68		
MEDIA		88.12			77.81			47.78		71.81		69		
Pesos medios:
0.56 0 0.24 0.25 0.43 0.26 0.29 0.6 0.26 0.49 0.63 0.54 0.52 0.44 0 0.33 0.32 0.6 0.55 0.29 0.55 0.35 0.22 0.52 0.24 0.19 0 0.085 0.085 0.24 0.14 0.2 0.45 0.26 0.48 0.12 0 0.22 0.2 0.062 0.3 0.33 0.29 0.071 0.14 0.18 0.11 0 0.26 0.29 0.22 0 0.43 0.51 0.64 0.36 0.21 0.54 0.55 0.37 0.27 0.36 0.37 0.46 0.33 0.16 0.12 0.28 0.15 0.51 0.73 0 

--------------------------------------Clasificador (AM-Best):spectf-heart-------------------------------------
Particion	Tasa_clas_train[%]	Tasa_clas_test[%]	Tasa_red[%]	Fitness		Tiempo[s]
1		90.32			85.71			63.64		81.30		50		
2		92.47			85.71			68.18		82.21		53		
3		90.68			94.29			61.36		87.70		51		
4		93.19			82.86			56.82		77.65		51		
5		92.86			84.06			72.73		81.79		60		
MEDIA		91.90			86.53			64.55		82.13		53		
Pesos medios:
0.054 0.23 0.48 0.13 0.38 0 0 0.34 0.3 0.15 0.17 0 0.2 0.099 0.57 0.089 0.28 0 0.082 0.2 0.06 0.43 0.72 0.077 0.2 0.37 0.21 0.26 0.5 0.29 0.12 0 0.22 0 0.17 0 0.3 0.38 0.37 0.3 0.29 0.16 0.18 0 

