Usando semilla: 1
--------------------------------------Clasificador (BMB):diabetes-------------------------------------
Particion	Tasa_clas_train[%]	Tasa_clas_test[%]	Tasa_red[%]	Fitness		Tiempo[s]
1		0.00			68.18			62.50		67.05		12		
2		0.00			72.73			62.50		70.68		11		
3		0.00			68.18			50.00		64.55		12		
4		0.00			70.13			75.00		71.10		13		
5		0.00			69.74			75.00		70.79		14		
MEDIA		0.00			69.79			65.00		68.83		12		
Pesos medios:
0.26 0.42 0.041 0.035 0.079 0.28 0 0.15 

--------------------------------------Clasificador (BMB):ozone-320-------------------------------------
Particion	Tasa_clas_train[%]	Tasa_clas_test[%]	Tasa_red[%]	Fitness		Tiempo[s]
1		0.00			78.12			29.17		68.33		88		
2		0.00			81.25			37.50		72.50		75		
3		0.00			78.12			45.83		71.67		80		
4		0.00			76.56			31.94		67.64		84		
5		0.00			81.25			34.72		71.94		84		
MEDIA		0.00			79.06			35.83		70.42		82		
Pesos medios:
0.45 0.67 0.55 0.28 0.49 0.61 0.41 0.57 0.3 0.75 0.64 0.71 0.64 0.034 0.39 0.26 0.26 0.62 0.35 0.72 0.56 0.63 0.57 0.65 0.57 0.16 0.5 0.29 0.6 0.59 0.42 0.45 0.71 0.0099 0.35 0.3 0.45 0.49 0.12 0.4 0.2 0.19 0.28 0.36 0.54 0.14 0.4 0.16 0.41 0.72 0.68 0.18 0.47 0.54 0.68 0.45 0.61 0.39 0.69 0.5 0.49 0.47 0.54 0.49 0.057 0.44 0.35 0.41 0.11 0.41 0.41 0.031 

--------------------------------------Clasificador (BMB):spectf-heart-------------------------------------
Particion	Tasa_clas_train[%]	Tasa_clas_test[%]	Tasa_red[%]	Fitness		Tiempo[s]
1		0.00			78.57			45.45		71.95		48		
2		0.00			88.57			52.27		81.31		52		
3		0.00			90.00			27.27		77.45		68		
4		0.00			87.14			61.36		81.99		47		
5		0.00			79.71			47.73		73.31		59		
MEDIA		0.00			84.80			46.82		77.20		55		
Pesos medios:
0.63 0.75 0.49 0.34 0.51 0.64 0.34 0.02 0.27 0.35 0.31 0.39 0.36 0.32 0.52 0.59 0.014 0.52 0.28 0.24 0.38 0.41 0.48 0.57 0.5 0.36 0.018 0.15 0.38 0.19 0.41 0.51 0.58 0.097 0.76 0.49 0.42 0.39 0.3 0.48 0.032 0.17 0.37 0.44 

Usando semilla: 1
--------------------------------------Clasificador (ILS):diabetes-------------------------------------
Particion	Tasa_clas_train[%]	Tasa_clas_test[%]	Tasa_red[%]	Fitness		Tiempo[s]
1		0.00			69.48			62.50		68.08		16		
2		0.00			72.08			62.50		70.16		19		
3		0.00			66.88			62.50		66.01		23		
4		0.00			63.64			75.00		65.91		20		
5		0.00			69.74			75.00		70.79		22		
MEDIA		0.00			68.36			67.50		68.19		20		
Pesos medios:
0.2 0.61 0.024 0.00047 0.012 0.36 0.12 0.23 

--------------------------------------Clasificador (ILS):ozone-320-------------------------------------
Particion	Tasa_clas_train[%]	Tasa_clas_test[%]	Tasa_red[%]	Fitness		Tiempo[s]
1		0.00			79.69			56.94		75.14		95		
2		0.00			82.81			52.78		76.81		88		
3		0.00			85.94			51.39		79.03		87		
4		0.00			70.31			51.39		66.53		88		
5		0.00			85.94			47.22		78.19		86		
MEDIA		0.00			80.94			51.94		75.14		89		
Pesos medios:
0.77 0.12 0.12 0.32 0.49 0.52 0.64 0.4 0.58 0.25 0.63 0.63 0.47 0.45 0.36 0.24 0.29 0.47 0.35 0.39 0.47 0.39 0.29 0.73 0.27 0.15 0.2 0.32 0.13 0.12 0.37 0.2 0.22 0.23 0.34 0.18 0.018 0.2 0.22 0.34 0.59 0.45 0.45 0.38 0.14 0.45 0.19 0.17 0.24 0.23 0.18 0.011 0.57 0.52 0.75 0.74 0.29 0.59 0.39 0.23 0.098 0.59 0.12 0.3 0.59 0.45 0.17 0.33 0.37 0.38 0.53 0.4 

--------------------------------------Clasificador (ILS):spectf-heart-------------------------------------
Particion	Tasa_clas_train[%]	Tasa_clas_test[%]	Tasa_red[%]	Fitness		Tiempo[s]
1		0.00			84.29			63.64		80.16		55		
2		0.00			80.00			70.45		78.09		57		
3		0.00			92.86			70.45		88.38		60		
4		0.00			81.43			63.64		77.87		56		
5		0.00			81.16			63.64		77.65		64		
MEDIA		0.00			83.95			66.36		80.43		58		
Pesos medios:
0.14 0.23 0.42 0.22 0.48 0.2 0.0041 0.086 0.42 0.47 0.2 0.17 0.49 0.36 0.7 0.22 0.6 0.21 0.25 0.07 0.17 0.57 0.7 0 0.16 0.4 0.031 0.035 0.5 0.2 0.15 0.76 0.029 0.016 0.27 0.13 0.53 0.46 0.28 0.64 0.16 0.21 0.21 0.027 

Usando semilla: 1
--------------------------------------Clasificador (VNS):diabetes-------------------------------------
Particion	Tasa_clas_train[%]	Tasa_clas_test[%]	Tasa_red[%]	Fitness		Tiempo[s]
1		0.00			64.94			100.00		71.95		20		
2		0.00			67.53			62.50		66.53		25		
3		0.00			66.88			62.50		66.01		30		
4		0.00			63.64			75.00		65.91		19		
5		0.00			69.74			75.00		70.79		20		
MEDIA		0.00			66.54			75.00		68.24		23		
Pesos medios:
0.038 0.37 0.02 0.029 0 0.34 0.1 0.03 

--------------------------------------Clasificador (VNS):ozone-320-------------------------------------
Particion	Tasa_clas_train[%]	Tasa_clas_test[%]	Tasa_red[%]	Fitness		Tiempo[s]
1		0.00			79.69			51.39		74.03		83		
2		0.00			78.12			44.44		71.39		88		
3		0.00			76.56			47.22		70.69		85		
4		0.00			75.00			45.83		69.17		86		
5		0.00			84.38			36.11		74.72		93		
MEDIA		0.00			78.75			45.00		72.00		87		
Pesos medios:
0.44 0.3 0.4 0.26 0.29 0.68 0.34 0.3 0.84 0.45 0.56 0.34 0.4 0.25 0.43 0.29 0.63 0.23 0.3 0.34 0.42 0.47 0.48 0.49 0.55 0.17 0.4 0.45 0.46 0.52 0.015 0.33 0.44 0.39 0.52 0.2 0.02 0.63 0.45 0.27 0.21 0.02 0.57 0.0079 0.069 0.0059 0.23 0.2 0.33 0.33 0.42 0.36 0.47 0.4 0.56 0.43 0.24 0.6 0.56 0.48 0.66 0.38 0.68 0.51 0.34 0.44 0.15 0.56 0.32 0.32 0.6 0.18 

--------------------------------------Clasificador (VNS):spectf-heart-------------------------------------
Particion	Tasa_clas_train[%]	Tasa_clas_test[%]	Tasa_red[%]	Fitness		Tiempo[s]
1		0.00			87.14			54.55		80.62		53		
2		0.00			87.14			61.36		81.99		56		
3		0.00			85.71			43.18		77.21		57		
4		0.00			82.86			54.55		77.19		51		
5		0.00			84.06			43.18		75.88		60		
MEDIA		0.00			85.38			51.36		78.58		56		
Pesos medios:
0.18 0.32 0.49 0.046 0.12 0.0048 0.31 0.64 0.64 0.44 0.76 0.34 0.26 0.37 0.4 0.2 0.25 0.55 0.33 0.34 0.33 0.42 0.53 0.33 0.51 0.62 0.19 0.35 0.35 0.45 0.54 0.83 0 0 0.55 0.22 0.64 0.27 0.5 0.4 0.2 0.034 0.21 0.22 

Usando semilla: 1
--------------------------------------Clasificador (ES):diabetes-------------------------------------
Particion	Tasa_clas_train[%]	Tasa_clas_test[%]	Tasa_red[%]	Fitness		Tiempo[s]
1		0.00			69.48			62.50		68.08		65		
2		0.00			67.53			62.50		66.53		65		
3		0.00			66.88			62.50		66.01		76		
4		0.00			68.83			62.50		67.56		72		
5		0.00			69.74			75.00		70.79		67		
MEDIA		0.00			68.49			65.00		67.79		69		
Pesos medios:
0.27 0.54 0.047 0.04 0.049 0.4 0 0.1 

--------------------------------------Clasificador (ES):ozone-320-------------------------------------
Particion	Tasa_clas_train[%]	Tasa_clas_test[%]	Tasa_red[%]	Fitness		Tiempo[s]
1		0.00			75.00			58.33		71.67		80		
2		0.00			79.69			58.33		75.42		85		
3		0.00			79.69			63.89		76.53		80		
4		0.00			70.31			52.78		66.81		87		
5		0.00			84.38			58.33		79.17		79		
MEDIA		0.00			77.81			58.33		73.92		82		
Pesos medios:
0.49 0.43 0.34 0.48 0.27 0.3 0.2 0.57 0.2 0.32 0.31 0.58 0.37 0.34 0.3 0.42 0.29 0.66 0.43 0.28 0.17 0.53 0.55 0.26 0.029 0 0.39 0.49 0.098 0 0.2 0.57 0.22 0.019 0.22 0 0.21 0 0.18 0.68 0.14 0.4 0.012 0.37 0.17 0.55 0.2 0.22 0.41 0.0048 0.71 0.32 0.35 0.58 0.8 0.69 0.47 0.23 0.38 0.39 0.35 0.27 0.33 0.33 0.56 0.066 0.2 0.6 0.25 0.28 0.55 0.12 

--------------------------------------Clasificador (ES):spectf-heart-------------------------------------
Particion	Tasa_clas_train[%]	Tasa_clas_test[%]	Tasa_red[%]	Fitness		Tiempo[s]
1		0.00			80.00			59.09		75.82		64		
2		0.00			88.57			54.55		81.77		56		
3		0.00			90.00			56.82		83.36		58		
4		0.00			84.29			61.36		79.70		60		
5		0.00			76.81			70.45		75.54		53		
MEDIA		0.00			83.93			60.45		79.24		58		
Pesos medios:
0.29 0.3 0.4 0 0.44 0.51 0.2 0 0.0083 0.2 0.21 0.33 0.21 0.51 0.63 0.38 0.33 0.019 0.22 0.2 0.14 0.31 0.5 0.14 0.32 0.45 0.17 0.38 0.67 0.55 0.58 0.8 0.48 0.56 0.21 0.18 0.3 0.15 0.38 0.4 0.0016 0.063 0.0059 0.17 

Usando semilla: 1
--------------------------------------Clasificador (ILS-ES):diabetes-------------------------------------
Particion	Tasa_clas_train[%]	Tasa_clas_test[%]	Tasa_red[%]	Fitness		Tiempo[s]
1		0.00			64.94			100.00		71.95		64		
2		0.00			66.88			62.50		66.01		72		
3		0.00			66.23			62.50		65.49		66		
4		0.00			63.64			75.00		65.91		76		
5		0.00			69.74			75.00		70.79		76		
MEDIA		0.00			66.29			75.00		68.03		71		
Pesos medios:
0.022 0.31 0 0 0.0017 0.4 0.17 0.049 

--------------------------------------Clasificador (ILS-ES):ozone-320-------------------------------------
Particion	Tasa_clas_train[%]	Tasa_clas_test[%]	Tasa_red[%]	Fitness		Tiempo[s]
1		0.00			78.12			56.94		73.89		97		
2		0.00			82.81			56.94		77.64		98		
3		0.00			84.38			55.56		78.61		86		
4		0.00			76.56			55.56		72.36		95		
5		0.00			85.94			55.56		79.86		92		
MEDIA		0.00			81.56			56.11		76.47		94		
Pesos medios:
0.19 0.54 0.46 0.29 0 0.45 0.41 0.56 0.43 0.018 0.63 0.75 0.31 0.73 0.18 0.14 0.22 0.9 0.85 0.72 0.59 0.74 0.35 0.38 0.11 0 0.2 0.4 0.1 0.22 0 0 0.18 0.42 0.18 0.096 0.2 0.28 0.37 0.28 0.32 0.015 0.56 0.17 0.0051 0.2 0.35 0.21 0.2 0.19 0.37 0 0.83 0.51 0.25 0.4 0.085 0.55 0.5 0.55 0.072 0.26 0.12 0.44 0.24 0.34 0.1 0.24 0.29 0.34 0.42 0.02 

--------------------------------------Clasificador (ILS-ES):spectf-heart-------------------------------------
Particion	Tasa_clas_train[%]	Tasa_clas_test[%]	Tasa_red[%]	Fitness		Tiempo[s]
1		0.00			84.29			68.18		81.06		69		
2		0.00			87.14			75.00		84.71		69		
3		0.00			91.43			63.64		85.87		67		
4		0.00			82.86			70.45		80.38		68		
5		0.00			84.06			70.45		81.34		68		
MEDIA		0.00			85.95			69.55		82.67		68		
Pesos medios:
0.35 0.43 0.28 0.46 0.19 0 0 0.095 0.2 0.51 0.12 0.013 0.31 0.34 0.26 0 0.2 0.14 0.16 0.097 0.14 0.22 0.18 0.11 0.1 0.22 0.081 0.29 0.4 0.3 0.37 0.41 0.5 0.0064 0.18 0.11 0.21 0.27 0.15 0.56 0.62 0 0.6 0.2 

