Usando operador: SPX
Usando semilla: 1
--------------------------------------Clasificador (SFHMA-SPX):diabetes-------------------------------------
Particion	Tasa_clas_train[%]	Tasa_clas_test[%]	Tasa_red[%]	Fitness		Tiempo[s]
1		67.26			64.29			75.00		66.43		1e+02		
2		66.78			63.64			25.00		55.91		82		
3		66.12			59.09			62.50		59.77		82		
4		65.15			57.14			75.00		60.71		96		
5		71.75			67.76			50.00		64.21		84		
MEDIA		67.41			62.38			57.50		61.41		89		
Pesos medios:
0.14 0.52 0.15 0.27 0.46 0.18 0.26 0.49 

--------------------------------------Clasificador (SFHMA-SPX):ozone-320-------------------------------------
Particion	Tasa_clas_train[%]	Tasa_clas_test[%]	Tasa_red[%]	Fitness		Tiempo[s]
1		82.81			73.44			22.22		63.19		1.3e+02		
2		81.25			76.56			19.44		65.14		1.3e+02		
3		82.42			78.12			18.06		66.11		1.3e+02		
4		81.64			75.00			22.22		64.44		1.2e+02		
5		81.64			84.38			11.11		69.72		1.2e+02		
MEDIA		81.95			77.50			18.61		65.72		1.3e+02		
Pesos medios:
0.39 0.23 0.41 0.64 0.55 0.47 0.35 0.52 0.45 0.44 0.51 0.33 0.42 0.45 0.38 0.46 0.43 0.4 0.44 0.053 0.37 0.75 0.52 0.66 0.19 0.42 0.43 0.39 0.58 0.45 0.77 0.57 0.65 0.4 0.18 0.27 0.43 0.6 0.42 0.44 0.21 0.49 0.47 0.75 0.46 0.42 0.44 0.41 0.62 0.8 0.58 0.26 0.55 0.45 0.19 0.66 0.27 0.54 0.62 0.37 0.54 0.37 0.28 0.33 0.37 0.38 0.57 0.3 0.58 0.24 0.57 0.52 

--------------------------------------Clasificador (SFHMA-SPX):spectf-heart-------------------------------------
Particion	Tasa_clas_train[%]	Tasa_clas_test[%]	Tasa_red[%]	Fitness		Tiempo[s]
1		86.38			81.43			20.45		69.23		71		
2		83.87			81.43			27.27		70.60		76		
3		83.51			90.00			27.27		77.45		67		
4		85.30			80.00			29.55		69.91		63		
5		87.86			76.81			29.55		67.36		64		
MEDIA		85.39			81.93			26.82		70.91		68		
Pesos medios:
0.094 0.14 0.5 0.2 0.59 0.64 0.53 0.63 0.42 0.46 0.59 0.36 0.35 0.55 0.48 0.46 0.31 0.38 0.39 0.32 0.58 0.69 0.58 0.59 0.33 0.47 0.58 0.024 0.57 0.63 0.41 0.61 0.57 0.5 0.39 0.2 0.65 0.71 0.38 0.55 0.49 0.47 0.27 0.33 

