 0  100  19  14  53  47  30  97  5  95  65  65  55  15  58  36  62  14  32  86 
 10  0  100  61  71  73  48  3  98  7  94  15  40  49  26  60  64  79  6  95 
 19  77  0  100  12  89  40  78  44  55  35  80  17  49  11  2  25  73  73  99 
 14  61  75  0  100  76  97  28  70  11  68  19  37  27  83  16  34  78  92  46 
 53  71  12  20  0  100  31  23  9  86  59  90  2  8  1  5  33  75  79  32 
 47  73  89  76  66  0  100  55  28  22  24  39  91  43  77  17  26  94  51  3 
 30  48  40  97  31  95  0  100  98  70  15  21  80  1  80  69  3  88  71  9 
 97  3  78  28  23  55  85  0  100  45  88  53  40  42  81  63  66  20  53  8 
 5  98  44  70  9  28  98  21  0  100  71  34  91  21  38  75  19  7  90  40 
 95  7  55  11  86  22  70  45  98  0  100  91  19  56  95  7  26  3  28  72 
 65  94  35  68  59  24  15  88  71  87  0  100  82  12  33  63  76  100  83  29 
 65  15  80  19  90  39  21  53  34  91  92  0  100  80  100  42  70  21  80  45 
 55  40  17  37  2  91  80  40  91  19  82  7  0  100  88  35  81  74  26  0 
 15  49  49  27  8  43  1  42  21  56  12  80  40  0  100  20  7  56  24  36 
 58  26  11  83  1  77  80  81  38  95  33  100  88  29  0  100  15  18  40  49 
 36  60  2  16  5  17  69  63  75  7  63  42  35  20  28  0  100  15  48  63 
 62  64  25  34  33  26  3  66  19  26  76  70  81  7  15  81  0  100  56  43 
 14  79  73  78  75  94  88  20  7  3  100  21  74  56  18  15  44  0  100  99 
 32  6  73  92  79  51  71  53  90  28  83  80  26  24  40  48  56  44  0  100 
 86  100  99  46  32  3  9  8  40  72  29  45  0  36  49  63  43  99  13  0 